[1323,
 2713,
 1324,
 1325,
 1326,
 1327,
 1328,
 2714,
 1329,
 1330,
 22511,
 2600,
 2601,
 2602,
 2603,
 2604,
 1159,
 1160,
 1161,
 1162,
 22530,
 973,
 974,
 975,
 22532,
 22533,
 22534,
 22535,
 4051,
 981,
 982,
 983,
 984,
 985,
 986,
 987,
 988,
 989,
 990,
 991,
 992,
 993,
 994,
 995,
 996,
 997,
 2605,
 2606,
 2607,
 2608,
 2609,
 2009,
 4511,
 1438,
 1440,
 1441,
 951,
 952,
 953,
 954,
 955,
 293,
 3436,
 3437,
 3438,
 3439,
 3440,
 3441,
 42,
 43,
 44,
 936,
 46,
 47,
 48,
 108,
 109,
 110,
 111]